α-grid: 0.0 : 0.1 : 10.0
N_SIMS per α: 100

alpha     modeK   meanK     varK      
--------------------------------------------------
0.00       1        1.000      0.000     
0.10       2        2.480      0.979     
0.20       3        2.800      1.071     
0.30       3        3.080      0.862     
0.40       3        3.300      0.818     
0.50       3        3.450      1.361     
0.60       3        3.800      1.253     
0.70       3        3.930      1.702     
0.80       3        3.900      1.485     
0.90       3        4.060      1.633     
1.00       3        4.440      1.946     
1.10       3        4.450      1.765     
1.20       3        4.540      1.867     
1.30       3        4.480      3.222     
1.40       3        4.760      2.689     
1.50       6        4.870      2.498     
1.60       3        4.620      3.208     
1.70       3        5.310      3.630     
1.80       4        5.100      3.485     
1.90       3        5.060      3.188     
2.00       3        5.490      3.626     
2.10       3        5.470      4.171     
2.20       7        5.550      3.321     
2.30       3        5.580      4.367     
2.40       3        5.880      5.056     
2.50       4        6.070      4.854     
2.60       4        5.610      4.139     
2.70       4        5.770      5.250     
2.80       4        5.950      4.230     
2.90       4        6.000      5.838     
3.00       4        5.970      6.009     
3.10       4        6.260      6.780     
3.20       4        6.480      6.434     
3.30       4        6.460      6.796     
3.40       8        6.710      5.521     
3.50       4        6.210      6.450     
3.60       4        6.320      8.422     
3.70       4        6.770      8.906     
3.80       4        6.940      8.461     
3.90       4        7.000      9.010     
4.00       4        6.810      8.176     
4.10       4        6.240      7.417     
4.20       4        6.920      8.377     
4.30       4        6.550      9.361     
4.40       4        7.140      8.889     
4.50       4        7.040      9.413     
4.60       4        7.410      10.083    
4.70       4        7.050      8.654     
4.80       4        7.900      11.263    
4.90       4        7.030      12.151    
5.00       4        7.570      11.359    
5.10       4        7.340      12.126    
5.20       4        7.380      11.309    
5.30       4        6.990      10.273    
5.40       4        7.020      13.010    
5.50       4        7.780      13.183    
5.60       4        7.410      12.305    
5.70       4        7.570      13.258    
5.80       4        7.490      13.808    
5.90       4        7.580      14.024    
6.00       4        8.410      13.598    
6.10       4        8.100      15.889    
6.20       4        7.600      15.232    
6.30       4        8.000      15.515    
6.40       4        8.430      14.672    
6.50       4        7.770      15.775    
6.60       4        8.610      14.422    
6.70       4        7.880      14.470    
6.80       4        7.290      13.784    
6.90       4        8.570      16.672    
7.00       4        8.050      19.038    
7.10       4        8.200      17.293    
7.20       4        8.240      18.386    
7.30       4        8.910      16.345    
7.40       4        8.600      19.071    
7.50       4        8.610      18.402    
7.60       4        9.160      17.893    
7.70       4        8.800      20.808    
7.80       4        9.080      21.589    
7.90       4        9.050      19.442    
8.00       4        8.250      18.957    
8.10       4        8.540      23.200    
8.20       4        9.140      21.051    
8.30       4        8.840      21.025    
8.40       4        9.580      20.953    
8.50       4        9.490      23.747    
8.60       4        9.140      24.606    
8.70       4        9.510      22.394    
8.80       4        8.830      25.092    
8.90       4        9.800      27.394    
9.00       4        8.840      23.550    
9.10       4        9.800      22.364    
9.20       4        9.090      24.547    
9.30       4        9.840      27.348    
9.40       4        9.750      25.240    
9.50       4        9.570      28.389    
9.60       4        9.350      27.563    
9.70       4        8.200      23.798    
9.80       4        9.820      24.937    
9.90       4        9.400      24.626    
10.00      4        9.670      26.183    

Bins (grouped by modal # planets):
modeK=1: α ∈ [0.0, 0.0], n=1
modeK=2: α ∈ [0.1, 0.1], n=1
modeK=3: α ∈ [0.2, 2.4], n=20
modeK=4: α ∈ [1.8, 10.0], n=76
modeK=6: α ∈ [1.5, 1.5], n=1
modeK=7: α ∈ [2.2, 2.2], n=1
modeK=8: α ∈ [3.4, 3.4], n=1
